9715652580
1922697867
2211723744
3087860130
8635454334
8791443342
6242630052
1832588316
239158014
123859356
4526126913
4563480723
8514209655
615988587
2163346656
1684098342
6055201695
7674511737
3188192790
1988328435
5457458019
5775980727
2743288629
2141070879
3493675806
912567489
7433781846
9588113745
2772714624
9307040562
5131252650
1406151447
4729582677
2661240441
7022617485
7801239795
6038252748
9980600430
7557625803
5760704043
1607236737
9598636461
1655256096
3927844992
3176398110
3390061623
8708487705
6009896880
9698547846
3315293238
7019572887
105649965
5512777752
6642789027
8588284308
941252382
6032842812
1079862591
7795324596
2481549129
3427466610
994640589
9640128921
9518701821
5910358260
3792186861
4378110450
8409720048
8922101004
4105602189
8042776578
9745938174
996558795
9125977653
7850101539
6085154436
1700984919
4146575511
1996160736
4418340921
9262521735
8322082962
9917395926
2477718576
7004925426
8781483279
2362770435
9719330163
9779104839
3712609776
9311917926
6195396732
9140583231
4517417538
9467684052
6264084504
2993315565
3780958317
932318133
3077123289
8212715010
8363492739
4787468679
391790616
2706381849
2019850536
8097660840
640767279
7977085665
4341985596
1728751944
3990624807
3351330246
2951287197
9441213759
8382284652
5627761257
9350735595
164973336
3106338630
5194399224
1108430277
9431581389
4344822747
3802233084
9960110913
9360995853
5612716020
6257299797
1876673964
1262031582
3004298760
1459558431
7843124583
2040186804
6438074658
2172913368
4949161956
