7506201979
6736725622
1491525088
8362275076
2791293106
9020687137
9954685603
2138958070
3707526856
3147305002
1762848040
1790556058
6992082670
2633138476
813749644
2564802712
364124281
8113910062
9718627822
86490409
5762429293
9027590443
5429085358
6653760166
3593651230
7575158767
5027531890
9057153235
8299476736
6761017477
9965124226
3672925219
8848280041
7433500096
2672614507
9275312446
6552873652
4326834151
4341758131
5064591013
6523323535
4967549041
8503368415
5990077564
4189621969
3856642075
9042897436
4294057579
6069396313
424121197
3614169253
7676038006
5434819633
1575789868
3957762025
492044836
2327509693
2656136647
5099247403
747846055
9550899076
4716908839
1749363427
7849152115
271334677
1108967944
940557409
38699278
7990848373
1481089714
9195597334
2510382109
7206307906
8647584109
6218233573
2233470712
3211273612
4992368809
5277986026
3978507256
3241030177
370688725
3403394041
3677615359
221999386
6889208722
1542140095
8937803764
6492760747
4312778248
3057495658
1338531886
6021890077
4584743152
3222491074
1087771177
9522018505
3500862532
1937050207
79146112
4795300420
6396075613
7302766336
3738721219
6160132759
1098793495
3282992050
9883360339
5330563177
6899236522
6136854373
3114316639
4686072493
9709907941
1080629818
4399332622
7970281120
4961610508
9306736216
4702955506
4043694418
5472809266
2799373510
2153886253
2500158949
7288801483
2067432601
7989826249
4332629209
7268114050
4624168612
1691829046
222986839
5796558184
204708013
3886580302
4706978128
5226441886
8493744001
7178027230
4580150023
7001159467
6188413075
