5362745591
3622095575
6754145399
3326026187
2238782111
2843123234
7328060312
1181283806
4790556512
313634345
7897183097
1632385502
6053504753
8067341327
393594128
8527225382
1303248125
9906767528
2714391374
9676123514
8750928554
2108380703
5815601141
3394563470
338534423
4547941562
9651285563
5841576440
5704801961
6143797259
2040055427
7060341860
6321488948
302618660
2660879072
7450470005
6407668688
4490339828
2274168467
4612483055
3470552771
8571639773
2487974789
6921656387
71967026
8202741734
2820078791
7042456769
4285599800
1068986141
6479531426
4015102538
8230217822
7114792784
521130842
6119043488
9376324733
3690086645
8473929695
4282027625
6279268703
6177498422
5322822344
1789543148
6887965505
3946755827
2523744791
6091502246
1566612806
7884578567
6316186850
6702095459
9263747141
548821595
5961036296
1963763552
1483131959
7725040409
8182387772
3408235883
6936128414
3921080387
9309440999
7004512076
6444300476
2585193179
5549908364
5377977341
2832310571
8881510787
5995732079
4340841197
310202063
383953010
8566888673
6815272313
3088734599
6509395937
9229653977
7868428964
9485605271
3432821114
8073703031
9629235506
3863048777
1879276097
9939597335
3324999578
344036966
7031650106
6159054557
4678033790
4361869463
5786154506
2306196743
405779987
3763571756
5929988312
9500722613
