9715652580
7506201979
6736725622
1491525088
5362745591
3622095575
1922697867
2211723744
3087860130
8362275076
6754145399
8635454334
3326026187
8791443342
6242630052
2791293106
9020687137
9954685603
1832588316
2238782111
2138958070
239158014
123859356
3707526856
4526126913
4563480723
8514209655
2843123234
3147305002
7328060312
1762848040
1790556058
615988587
2163346656
1181283806
4790556512
6992082670
1684098342
313634345
2633138476
7897183097
6055201695
1632385502
6053504753
813749644
2564802712
8067341327
393594128
8527225382
364124281
7674511737
8113910062
1303248125
9718627822
3188192790
1988328435
86490409
5762429293
9906767528
9027590443
5429085358
5457458019
5775980727
6653760166
3593651230
2743288629
7575158767
2141070879
2714391374
3493675806
912567489
5027531890
7433781846
9057153235
8299476736
9676123514
8750928554
2108380703
9588113745
2772714624
6761017477
5815601141
9307040562
9965124226
5131252650
3672925219
1406151447
8848280041
3394563470
7433500096
4729582677
338534423
2661240441
2672614507
4547941562
9651285563
5841576440
9275312446
5704801961
7022617485
6552873652
4326834151
7801239795
6143797259
4341758131
6038252748
9980600430
2040055427
7557625803
5064591013
5760704043
6523323535
4967549041
8503368415
5990077564
7060341860
1607236737
6321488948
302618660
9598636461
4189621969
2660879072
1655256096
7450470005
6407668688
3927844992
4490339828
3176398110
3390061623
2274168467
8708487705
6009896880
3856642075
4612483055
3470552771
9042897436
9698547846
8571639773
3315293238
4294057579
7019572887
2487974789
6069396313
6921656387
424121197
3614169253
71967026
105649965
7676038006
5434819633
8202741734
5512777752
1575789868
3957762025
6642789027
492044836
8588284308
2820078791
941252382
2327509693
2656136647
7042456769
6032842812
1079862591
5099247403
747846055
9550899076
7795324596
4285599800
4716908839
1749363427
1068986141
6479531426
4015102538
2481549129
3427466610
8230217822
7114792784
7849152115
271334677
994640589
521130842
1108967944
9640128921
9518701821
6119043488
5910358260
3792186861
4378110450
8409720048
940557409
8922101004
9376324733
4105602189
38699278
7990848373
8042776578
9745938174
3690086645
996558795
8473929695
1481089714
9125977653
4282027625
9195597334
2510382109
7206307906
6279268703
8647584109
7850101539
6085154436
1700984919
6218233573
4146575511
6177498422
5322822344
1789543148
6887965505
1996160736
2233470712
3946755827
4418340921
2523744791
3211273612
6091502246
1566612806
9262521735
4992368809
8322082962
7884578567
6316186850
5277986026
6702095459
9263747141
9917395926
548821595
2477718576
5961036296
3978507256
7004925426
8781483279
3241030177
370688725
3403394041
3677615359
221999386
6889208722
2362770435
1963763552
9719330163
9779104839
1542140095
3712609776
1483131959
8937803764
6492760747
9311917926
6195396732
7725040409
9140583231
4312778248
3057495658
1338531886
8182387772
6021890077
3408235883
6936128414
3921080387
9309440999
4584743152
3222491074
4517417538
7004512076
9467684052
1087771177
6264084504
2993315565
6444300476
3780958317
932318133
2585193179
3077123289
5549908364
5377977341
8212715010
2832310571
8363492739
9522018505
3500862532
4787468679
391790616
1937050207
79146112
2706381849
4795300420
6396075613
8881510787
5995732079
7302766336
3738721219
6160132759
4340841197
310202063
1098793495
383953010
3282992050
8566888673
9883360339
5330563177
6815272313
3088734599
6899236522
6136854373
3114316639
4686072493
6509395937
9709907941
9229653977
1080629818
4399332622
2019850536
7868428964
7970281120
8097660840
9485605271
3432821114
4961610508
640767279
9306736216
8073703031
7977085665
4341985596
4702955506
4043694418
9629235506
5472809266
1728751944
2799373510
3863048777
3990624807
3351330246
2153886253
1879276097
2951287197
9939597335
9441213759
3324999578
344036966
8382284652
5627761257
7031650106
6159054557
9350735595
2500158949
4678033790
7288801483
2067432601
4361869463
164973336
5786154506
3106338630
7989826249
5194399224
1108430277
4332629209
7268114050
4624168612
2306196743
9431581389
1691829046
4344822747
222986839
5796558184
204708013
405779987
3802233084
3886580302
9960110913
4706978128
3763571756
9360995853
5612716020
6257299797
1876673964
5226441886
1262031582
8493744001
7178027230
3004298760
4580150023
1459558431
7843124583
5929988312
2040186804
9500722613
6438074658
7001159467
2172913368
6188413075
4949161956
